400827888
400827889
400827890
400827891
400827892
400827893
400827894
400827895
400827896
400827897
400827898
400827899
400827900
400827901
400827902
400827903
400827904
400827905
400827906
400827907
400827908
400827909
400827910
400827911
400827912
400827913
400827914
400827915
400827916
400827917
400827918
400827919
400827920
400827921
400827922
400827923
400827924
400827925
400827926
400827927
400827928
400827929
400827930
400827931
400827932
400827933
400827934
400827935
400827936
400827937
400827938
400827939
400827940
400827941
400827942
400827943
400827944
400827945
400827946
400827947
400827948
400827949
400827950
400827951
400827952
400827953
400827954
400827955
400827956
400827957
400827958
400827959
400827960
400827961
400827962
400827963
400827964
400827965
400827966
400827967
400827968
400827969
400827970
400827971
400827972
400827974
400827973
400827975
400827976
400827977
400827978
400827979
400827980
400827981
400827982
400827983
400827984
400827985
400827986
400827987
400827988
400827989
400827990
400827991
400827992
400827993
400827994
400827995
400827996
400827997
400827998
400827999
400828000
400828001
400828002
400828003
400828004
400828005
400828006
400828007
400828008
400828009
400828010
400828011
400828012
400828013
400828014
400828015
400828016
400828017
400828018
400828019
400828020
400828021
400828022
400828023
400828024
400828025
400828026
400828027
400828028
400828029
400828030
400828031
400828032
400828033
400828034
400828035
400828036
400828037
400828038
400828039
400828040
400828041
400828042
400828043
400828044
400828045
400828046
400828047
400828048
400828049
400828050
400828051
400828052
400828053
400828054
400828055
400828056
400828057
400828058
400828059
400828060
400828061
400828062
400828063
400828064
400828065
400828066
400828067
400828068
400828069
400828070
400828071
400828072
400828073
400828074
400828075
400828076
400828077
400828078
400828079
400828080
400828081
400828082
400828083
400828084
400828085
400828086
400828087
400828088
400828089
400828090
400828091
400828092
400828093
400828094
400828095
400828096
400828097
400828098
400828099
400828100
400828101
400828102
400828103
400828104
400828105
400828106
400828107
400828108
400828109
400828110
400828111
400828112
400828113
400828114
400828115
400828116
400828117
400828118
400828119
400828120
400828121
400828122
400828123
400828124
400828125
400828126
400828127
400828128
400828129
400828130
400828131
400828132
400828133
400828134
400828135
400828136
400828137
400828138
400828139
400828140
400828141
400828142
400828143
400828144
400828145
400828146
400828147
400828148
400828149
400828150
400828151
400828152
400828153
400828154
400828155
400828156
400828157
400828158
400828159
400828160
400828161
400828162
400828163
400828164
400828165
400828166
400828167
400828168
400828169
400828170
400828171
400828172
400828173
400828174
400828175
400828176
400828177
400828178
400828179
400828180
400828181
400828182
400828183
400828184
400828185
400828186
400828187
400828188
400828189
400828190
400828191
400828192
400828193
400828194
400828195
400828196
400828197
400828198
400828199
400828200
400828201
400828202
400828203
400828204
400828205
400828206
400828207
400828208
400828209
400828210
400828211
400828212
400828213
400828214
400828215
400828216
400828217
400828218
400828219
400828220
400828221
400828222
400828223
400828224
400828225
400828226
400828227
400828228
400828229
400828230
400828231
400828232
400828233
400828234
400828235
400828236
400828237
400828238
400828239
400828240
400828241
400828242
400828243
400828244
400828245
400828246
400828247
400828248
400828249
400828250
400828251
400828252
400828253
400828254
400828255
400828256
400828257
400828258
400828259
400828260
400828261
400828262
400828263
400828264
400828265
400828266
400828267
400828268
400828269
400828270
400828271
400828272
400828273
400828274
400828275
400828276
400828277
400828278
400828279
400828280
400828281
400828282
400828283
400828284
400828285
400828286
400828287
400828288
400828289
400828290
400828291
400828292
400828293
400828294
400828295
400828296
400828297
400828298
400828299
400828300
400828301
400828302
400828303
400828304
400828305
400828306
400828307
400828308
400828309
400828310
400828311
400828312
400828313
400828314
400828315
400828316
400828317
400828318
400828319
400828320
400828321
400828322
400828323
400828324
400828325
400828326
400828327
400828334
400828328
400828330
400828331
400828332
400828329
400828333
400828335
400828337
400828336
400828338
400828339
400828340
400828342
400828341
400828343
400828344
400828345
400828346
400828347
400828348
400828349
400828350
400828351
400828352
400828353
400828354
400828355
400828356
400828357
400828358
400828359
400828360
400828361
400828362
400828363
400828364
400828365
400828366
400828367
400828368
400828369
400828370
400828371
400828373
400828372
400828374
400828375
400828376
400828377
400828378
400828379
400828380
400828381
400828382
400828383
400828384
400828385
400828386
400828387
400828388
400828389
400828390
400828391
400828392
400828393
400828394
400828395
400828396
400828397
400828398
400828399
400828400
400828401
400828402
400828403
400828404
400828405
400828406
400828407
400828408
400828409
400828410
400828411
400828412
400828413
400828414
400828415
400828416
400828417
400828418
400828419
400828420
400828421
400828422
400828423
400828424
400828425
400828426
400828427
400828428
400828429
400828430
400828431
400828432
400828433
400828434
400828435
400828436
400828437
400828438
400828439
400828440
400828441
400828442
400828443
400828445
400828444
400828446
400828447
400828448
400828449
400828450
400828451
400828452
400828453
400828454
400828455
400828456
400828457
400828458
400828459
400828460
400828461
400828462
400828463
400828464
400828465
400828466
400828467
400828468
400828469
400828470
400828471
400828472
400828473
400828475
400828474
400828476
400828477
400828478
400828479
400828480
400828481
400828482
400828483
400828484
400828485
400828486
400828487
400828488
400828490
400828489
400828491
400828492
400828493
400828494
400828495
400828496
400828497
400828498
400828499
400828500
400828501
400828502
400828503
400828504
400828505
400828506
400828507
400828508
400828509
400828510
400828511
400828512
400828513
400828514
400828515
400828516
400828517
400828518
400828519
400828520
400828521
400828522
400828523
400828524
400828525
400828526
400828527
400828528
400828529
400828530
400828531
400828532
400828533
400828534
400828535
400828536
400828537
400828538
400828539
400828540
400828541
400828542
400828543
400828544
400828545
400828546
400828547
400828548
400828549
400828550
400828552
400828553
400861758
400828551
400828554
400828555
400828556
400828557
400828558
400828559
400828560
400828561
400828562
400828563
400828564
400828565
400828566
400828567
400828568
400828569
400828570
400828571
400828572
400828573
400828574
400828575
400828576
400828577
400828578
400828579
400828580
400828581
400828582
400828583
400828584
400828585
400828586
400828587
400828588
400828590
400828589
400828591
400828592
400828593
400828594
400828595
400828596
400828597
400828598
400828599
400828600
400828601
400828602
400828603
400828604
400828605
400828606
400828607
400828608
400828609
400828610
400828611
400828612
400828613
400828614
400828615
400828616
400828617
400828618
400828619
400828620
400828621
400828622
400828623
400828624
400828625
400828626
400828627
400828628
400828629
400828630
400828631
400828632
400828633
400828636
400828634
400828635
400828637
400828638
400828639
400828640
400828641
400828642
400828643
400828644
400828645
400828646
400828647
400828648
400828649
400828650
400828651
400828652
400828653
400828654
400828655
400828656
400828657
400828658
400828660
400828659
400828661
400828662
400828663
400828664
400828665
400828666
400828667
400828668
400828669
400828670
400828671
400828672
400828673
400828674
400828675
400828676
400828677
400828678
400828679
400828680
400828681
400828682
400828683
400828684
400828685
400828686
400828687
400828688
400828689
400829482
400866670
400828690
400828691
400828692
400828693
400828694
400828695
400828696
400828697
400828698
400828699
400828700
400828701
400828702
400828703
400828704
400828705
400828706
400828707
400828708
400828709
400828710
400828711
400828712
400828713
400828714
400828715
400828716
400828717
400828718
400828719
400828720
400828721
400828722
400828723
400828724
400828725
400828726
400828727
400828728
400828729
400828730
400828731
400828732
400828733
400828734
400828735
400828736
400828737
400828738
400828739
400828740
400828741
400828742
400828743
400828744
400828745
400828746
400828747
400828748
400828749
400828750
400828751
400828752
400828753
400828754
400828755
400828756
400828757
400828758
400828759
400828760
400828761
400828762
400828763
400828764
400828765
400828766
400828767
400828768
400828769
400828770
400828771
400828772
400828773
400828774
400828775
400828776
400828777
400828778
400828779
400828780
400828781
400828782
400828783
400828784
400828785
400828786
400828787
400828788
400828789
400828790
400828791
400828792
400828793
400828794
400828795
400828796
400828797
400828798
400828799
400828800
400828801
400828802
400828803
400828804
400828805
400828806
400828807
400828808
400828809
400828810
400828811
400828812
400828813
400828814
400828815
400828816
400828817
400828818
400828819
400828820
400828821
400828822
400828823
400828824
400828825
400828826
400828827
400828828
400828829
400828830
400828831
400828832
400828833
400828834
400828835
400828836
400828837
400828838
400828840
400828839
400828841
400828843
400828842
400828844
400828845
400828846
400828847
400828848
400828849
400828850
400828851
400828852
400828853
400828854
400828855
400828856
400828857
400828858
400828859
400828862
400828863
400828864
400828861
400828865
400828866
400828866
400828867
400828868
400828869
400828860
400828870
400828870
400828871
400828873
400828872
400828874
400828875
400828877
400828878
400828876
400828876
400828879
400828880
400828882
400828881
400828881
400828883
