,Change_Pork,Price_Pork2,month,Year
0,0,115.06,Jan,1986
1,-15.86,96.81,Feb,1986
2,-1.69,95.17,Mar,1986
3,-4.02,91.34,Apr,1986
4,27.26,116.24,May,1986
5,17.61,136.71,Jun,1986
6,24.53,170.24,Jul,1986
7,-1.31,168.01,Aug,1986
8,-17.23,139.07,Sep,1986
9,-17.97,114.08,Oct,1986
10,3.86,118.48,Nov,1986
11,2.44,121.37,Dec,1986
12,2.49,124.39,Jan,1987
13,-12.61,108.71,Feb,1987
14,4.35,113.44,Mar,1987
15,8.64,123.24,Apr,1987
16,1.57,125.18,May,1987
17,16.83,146.25,Jun,1987
18,7.16,156.72,Jul,1987
19,-4.44,149.76,Aug,1987
20,-25.75,111.19,Sep,1987
21,-15.26,94.22,Oct,1987
22,-7.62,87.04,Nov,1987
23,-8.32,79.80,Dec,1987
24,20.61,96.25,Jan,1988
25,-5.19,91.25,Feb,1988
26,-6.07,85.71,Mar,1988
27,-4.47,81.88,Apr,1988
28,7.21,87.78,May,1988
29,-3.70,84.53,Jun,1988
30,-10.60,75.57,Jul,1988
31,-6.13,70.94,Aug,1988
32,-11.46,62.81,Sep,1988
33,3.58,65.06,Oct,1988
34,-3.38,62.86,Nov,1988
35,4.79,65.87,Dec,1988
36,3.42,68.12,Jan,1989
37,-13.95,58.62,Feb,1989
38,-2.66,57.06,Mar,1989
39,-16.42,47.69,Apr,1989
40,15.20,54.94,May,1989
41,5.95,58.21,Jun,1989
42,-1.94,57.08,Jul,1989
43,-6.03,53.64,Aug,1989
44,21.14,64.98,Sep,1989
45,8.29,70.37,Oct,1989
46,36.79,96.26,Nov,1989
47,-16.69,80.19,Dec,1989
48,16.16,93.15,Jan,1990
49,-14.12,80.00,Feb,1990
50,-0.11,79.91,Mar,1990
51,24.69,99.64,Apr,1990
52,16.10,115.68,May,1990
53,5.00,121.46,Jun,1990
54,-20.81,96.19,Jul,1990
55,-2.31,93.97,Aug,1990
56,1.82,95.68,Sep,1990
57,18.76,113.63,Oct,1990
58,-2.54,110.74,Nov,1990
59,-3.83,106.50,Dec,1990
60,12.85,120.18,Jan,1991
61,-11.24,106.67,Feb,1991
62,3.01,109.88,Mar,1991
63,-2.02,107.66,Apr,1991
64,-0.68,106.93,May,1991
65,-1.98,104.81,Jun,1991
66,-11.97,92.26,Jul,1991
67,-15.68,77.79,Aug,1991
68,-5.89,73.21,Sep,1991
69,-18.06,59.99,Oct,1991
70,-7.10,55.73,Nov,1991
71,-5.10,52.89,Dec,1991
72,-2.12,51.77,Jan,1992
73,5.72,54.73,Feb,1992
74,-4.29,52.38,Mar,1992
75,-4.05,50.26,Apr,1992
76,27.66,64.16,May,1992
77,-4.96,60.98,Jun,1992
78,0.10,61.04,Jul,1992
79,7.50,65.62,Aug,1992
80,-17.94,53.85,Sep,1992
81,-0.17,53.76,Oct,1992
82,4.28,56.06,Nov,1992
83,-5.16,53.17,Dec,1992
84,11.23,59.14,Jan,1993
85,6.49,62.98,Feb,1993
86,4.16,65.60,Mar,1993
87,-2.85,63.73,Apr,1993
88,4.50,66.60,May,1993
89,2.57,68.31,Jun,1993
90,-4.17,65.46,Jul,1993
91,4.54,68.43,Aug,1993
92,0.80,68.98,Sep,1993
93,-3.17,66.79,Oct,1993
94,-9.15,60.68,Nov,1993
95,-5.19,57.53,Dec,1993
96,8.47,62.40,Jan,1994
97,8.72,67.84,Feb,1994
98,-7.68,62.63,Mar,1994
99,-4.23,59.98,Apr,1994
100,0.98,60.57,May,1994
101,1.16,61.27,Jun,1994
102,-1.11,60.59,Jul,1994
103,-0.78,60.12,Aug,1994
104,-16.15,50.41,Sep,1994
105,-9.92,45.41,Oct,1994
106,-11.34,40.26,Nov,1994
107,12.84,45.43,Dec,1994
108,17.59,53.42,Jan,1995
109,4.23,55.68,Feb,1995
110,-2.93,54.05,Mar,1995
111,-5.55,51.05,Apr,1995
112,-5.88,48.05,May,1995
113,15.61,55.55,Jun,1995
114,18.92,66.06,Jul,1995
115,18.20,78.08,Aug,1995
116,-3.05,75.70,Sep,1995
117,3.71,78.51,Oct,1995
118,-16.07,65.89,Nov,1995
119,8.51,71.50,Dec,1995
120,1.96,72.90,Jan,1996
121,7.70,78.51,Feb,1996
122,14.28,89.72,Mar,1996
123,10.93,99.53,Apr,1996
124,12.68,112.15,May,1996
125,-8.75,102.34,Jun,1996
126,21.92,124.77,Jul,1996
127,0.00,124.77,Aug,1996
128,-38.85,76.30,Sep,1996
129,0.38,76.59,Oct,1996
130,-1.11,75.74,Nov,1996
131,1.02,76.51,Dec,1996
132,-2.50,74.60,Jan,1997
133,-2.84,72.48,Feb,1997
134,-4.86,68.96,Mar,1997
135,11.46,76.86,Apr,1997
136,6.06,81.52,May,1997
137,2.02,83.17,Jun,1997
138,-0.04,83.14,Jul,1997
139,-6.89,77.41,Aug,1997
140,-8.72,70.66,Sep,1997
141,-6.67,65.95,Oct,1997
142,-4.43,63.03,Nov,1997
143,-10.33,56.52,Dec,1997
144,-10.54,50.56,Jan,1998
145,-0.36,50.38,Feb,1998
146,-0.26,50.25,Mar,1998
147,1.00,50.75,Apr,1998
148,20.85,61.33,May,1998
149,-1.43,60.45,Jun,1998
150,-13.42,52.34,Jul,1998
151,-6.27,49.06,Aug,1998
152,-16.57,40.93,Sep,1998
153,-5.72,38.59,Oct,1998
154,-38.64,23.68,Nov,1998
155,-19.34,19.10,Dec,1998
156,82.51,34.86,Jan,1999
157,7.11,37.34,Feb,1999
158,-6.05,35.08,Mar,1999
159,12.46,39.45,Apr,1999
160,23.57,48.75,May,1999
161,-5.81,45.92,Jun,1999
162,-3.46,44.33,Jul,1999
163,20.12,53.25,Aug,1999
164,-8.54,48.70,Sep,1999
165,-4.33,46.59,Oct,1999
166,2.30,47.66,Nov,1999
167,6.88,50.94,Dec,1999
168,1.32,51.61,Jan,2000
169,6.39,54.91,Feb,2000
170,5.19,57.76,Mar,2000
171,15.91,66.95,Apr,2000
172,3.30,69.16,May,2000
173,0.49,69.50,Jun,2000
174,-4.19,66.59,Jul,2000
175,-10.66,59.49,Aug,2000
176,-3.92,57.16,Sep,2000
177,-3.97,54.89,Oct,2000
178,-11.31,48.68,Nov,2000
179,12.49,54.76,Dec,2000
180,-8.00,50.38,Jan,2001
181,6.79,53.80,Feb,2001
182,17.30,63.11,Mar,2001
183,2.41,64.63,Apr,2001
184,9.25,70.61,May,2001
185,3.27,72.92,Jun,2001
186,0.07,72.97,Jul,2001
187,-1.96,71.54,Aug,2001
188,-10.64,63.93,Sep,2001
189,-10.39,57.29,Oct,2001
190,-15.17,48.60,Nov,2001
191,-2.45,47.41,Dec,2001
192,14.45,54.26,Jan,2002
193,1.62,55.14,Feb,2002
194,-7.87,50.80,Mar,2002
195,-11.85,44.78,Apr,2002
196,4.91,46.98,May,2002
197,7.30,50.41,Jun,2002
198,8.85,54.87,Jul,2002
199,-15.97,46.11,Aug,2002
200,-20.49,36.66,Sep,2002
201,16.78,42.81,Oct,2002
202,-5.16,40.60,Nov,2002
203,7.56,43.67,Dec,2002
204,6.66,46.58,Jan,2003
205,3.39,48.16,Feb,2003
206,1.41,48.84,Mar,2003
207,0.86,49.26,Apr,2003
208,19.75,58.99,May,2003
209,9.87,64.81,Jun,2003
210,-6.03,60.90,Jul,2003
211,-6.91,56.69,Aug,2003
212,-0.07,56.65,Sep,2003
213,-7.26,52.54,Oct,2003
214,-7.33,48.69,Nov,2003
215,-0.02,48.68,Dec,2003
216,8.75,52.94,Jan,2004
217,15.28,61.03,Feb,2004
218,7.08,65.35,Mar,2004
219,-0.11,65.28,Apr,2004
220,20.82,78.87,May,2004
221,-0.65,78.36,Jun,2004
222,0.38,78.66,Jul,2004
223,-3.34,76.03,Aug,2004
224,-1.51,74.88,Sep,2004
225,-2.91,72.70,Oct,2004
226,4.28,75.81,Nov,2004
227,-4.79,72.18,Dec,2004
228,-0.14,72.08,Jan,2005
229,-3.95,69.23,Feb,2005
230,0.32,69.45,Mar,2005
231,-0.65,69.00,Apr,2005
232,8.58,74.92,May,2005
233,-9.94,67.47,Jun,2005
234,0.07,67.52,Jul,2005
235,3.17,69.66,Aug,2005
236,-3.17,67.45,Sep,2005
237,-3.81,64.88,Oct,2005
238,-7.71,59.88,Nov,2005
239,1.37,60.70,Dec,2005
240,-8.01,55.84,Jan,2006
241,4.64,58.43,Feb,2006
242,0.43,58.68,Mar,2006
243,-4.64,55.96,Apr,2006
244,18.35,66.23,May,2006
245,12.31,74.38,Jun,2006
246,-5.75,70.10,Jul,2006
247,2.61,71.93,Aug,2006
248,-5.59,67.91,Sep,2006
249,-5.29,64.32,Oct,2006
250,-3.42,62.12,Nov,2006
251,-2.46,60.59,Dec,2006
252,-1.73,59.54,Jan,2007
253,10.31,65.68,Feb,2007
254,-6.32,61.53,Mar,2007
255,6.32,65.42,Apr,2007
256,12.37,73.51,May,2007
257,0.75,74.06,Jun,2007
258,-4.39,70.81,Jul,2007
259,-0.64,70.36,Aug,2007
260,-10.25,63.15,Sep,2007
261,-10.23,56.69,Oct,2007
262,-11.89,49.95,Nov,2007
263,6.67,53.28,Dec,2007
264,-6.61,49.76,Jan,2008
265,16.28,57.86,Feb,2008
266,-7.98,53.24,Mar,2008
267,14.86,61.15,Apr,2008
268,27.74,78.11,May,2008
269,-5.39,73.90,Jun,2008
270,2.95,76.08,Jul,2008
271,11.15,84.56,Aug,2008
272,-15.85,71.16,Sep,2008
273,-10.53,63.67,Oct,2008
274,-17.39,52.60,Nov,2008
275,2.09,53.70,Dec,2008
276,4.26,55.99,Jan,2009
277,2.46,57.37,Feb,2009
278,-0.03,57.35,Mar,2009
279,0.94,57.89,Apr,2009
280,1.43,58.72,May,2009
281,-3.00,56.96,Jun,2009
282,1.62,57.88,Jul,2009
283,-14.37,49.56,Aug,2009
284,2.14,50.62,Sep,2009
285,0.65,50.95,Oct,2009
286,6.34,54.18,Nov,2009
287,14.16,61.85,Dec,2009
288,8.88,67.34,Jan,2010
289,-1.71,66.19,Feb,2010
290,7.16,70.93,Mar,2010
291,9.38,77.58,Apr,2010
292,9.94,85.29,May,2010
293,-7.70,78.72,Jun,2010
294,0.10,78.80,Jul,2010
295,5.52,83.15,Aug,2010
296,-1.47,81.93,Sep,2010
297,-13.16,71.15,Oct,2010
298,-10.78,63.48,Nov,2010
299,8.40,68.81,Dec,2010
300,9.05,75.04,Jan,2011
301,10.90,83.22,Feb,2011
302,-2.87,80.83,Mar,2011
303,13.89,92.06,Apr,2011
304,0.42,92.45,May,2011
305,2.27,94.55,Jun,2011
306,2.51,96.92,Jul,2011
307,6.29,103.02,Aug,2011
308,-14.05,88.55,Sep,2011
309,4.44,92.48,Oct,2011
310,-7.33,85.70,Nov,2011
311,-2.07,83.93,Dec,2011
312,0.24,84.13,Jan,2012
313,2.71,86.41,Feb,2012
314,-1.99,84.69,Mar,2012
315,-5.71,79.85,Apr,2012
316,-0.88,79.15,May,2012
317,16.07,91.87,Jun,2012
318,2.83,94.47,Jul,2012
319,-8.56,86.38,Aug,2012
320,-20.39,68.77,Sep,2012
321,15.92,79.72,Oct,2012
322,-2.28,77.90,Nov,2012
323,2.98,80.22,Dec,2012
324,3.20,82.79,Jan,2013
325,0.35,83.08,Feb,2013
326,-11.70,73.36,Mar,2013
327,6.26,77.95,Apr,2013
328,14.39,89.17,May,2013
329,10.01,98.10,Jun,2013
330,0.36,98.45,Jul,2013
331,-2.37,96.12,Aug,2013
332,-4.57,91.73,Sep,2013
333,-4.33,87.76,Oct,2013
334,-7.13,81.50,Nov,2013
335,-3.60,78.57,Dec,2013
336,0.36,78.85,Jan,2014
337,9.51,86.35,Feb,2014
338,31.11,113.21,Mar,2014
339,6.29,120.33,Apr,2014
340,-8.19,110.47,May,2014
341,4.35,115.27,Jun,2014
342,11.62,128.67,Jul,2014
343,-15.13,109.20,Aug,2014
344,-7.94,100.53,Sep,2014
345,1.36,101.90,Oct,2014
346,-15.45,86.16,Nov,2014
347,-3.89,82.81,Dec,2014
348,-11.85,73.00,Jan,2015
349,-15.29,61.84,Feb,2015
350,-0.21,61.71,Mar,2015
351,-1.18,60.98,Apr,2015
352,26.80,77.32,May,2015
353,0.04,77.35,Jun,2015
354,-1.81,75.95,Jul,2015
355,-0.49,75.58,Aug,2015
356,-7.59,69.84,Sep,2015
357,2.00,71.24,Oct,2015
358,-19.95,57.03,Nov,2015
359,-6.87,53.11,Dec,2015
360,2.15,54.25,Jan,2016
