,Change,Price,month,Year
0,0,99.00,Jan,1986
1,-1.01,98.00,Feb,1986
2,1.43,99.40,Mar,1986
3,-5.81,93.62,Apr,1986
4,0.06,93.68,May,1986
5,-2.28,91.54,Jun,1986
6,-4.48,87.44,Jul,1986
7,3.66,90.64,Aug,1986
8,4.68,94.88,Sep,1986
9,0.76,95.60,Oct,1986
10,1.46,97.00,Nov,1986
11,2.06,99.00,Dec,1986
12,0.00,99.00,Jan,1987
13,4.33,103.29,Feb,1987
14,2.20,105.56,Mar,1987
15,2.96,108.68,Apr,1987
16,0.29,109.00,May,1987
17,-3.58,105.10,Jun,1987
18,0.63,105.76,Jul,1987
19,-1.66,104.00,Aug,1987
20,9.33,113.70,Sep,1987
21,0.26,114.00,Oct,1987
22,1.79,116.04,Nov,1987
23,-1.78,113.97,Dec,1987
24,-0.85,113.00,Jan,1988
25,4.93,118.57,Feb,1988
26,-0.90,117.50,Mar,1988
27,-3.83,113.00,Apr,1988
28,-2.65,110.00,May,1988
29,-0.09,109.90,Jun,1988
30,0.82,110.80,Jul,1988
31,2.80,113.90,Aug,1988
32,0.00,113.90,Sep,1988
33,2.28,116.50,Oct,1988
34,0.00,116.50,Nov,1988
35,0.00,116.50,Dec,1988
36,-5.14,110.51,Jan,1989
37,2.17,112.91,Feb,1989
38,-1.99,110.66,Mar,1989
39,0.25,110.94,Apr,1989
40,-0.65,110.22,May,1989
41,0.24,110.48,Jun,1989
42,2.34,113.07,Jul,1989
43,2.22,115.58,Aug,1989
44,3.90,120.09,Sep,1989
45,3.67,124.50,Oct,1989
46,2.89,128.10,Nov,1989
47,1.87,130.50,Dec,1989
48,-3.21,126.31,Jan,1990
49,-11.76,111.46,Feb,1990
50,1.09,112.67,Mar,1990
51,-0.48,112.13,Apr,1990
52,0.32,112.49,May,1990
53,0.97,113.58,Jun,1990
54,2.19,116.07,Jul,1990
55,3.72,120.39,Aug,1990
56,1.61,122.33,Sep,1990
57,-4.14,117.26,Oct,1990
58,-1.97,114.95,Nov,1990
59,0.53,115.56,Dec,1990
60,1.78,117.62,Jan,1991
61,5.39,123.96,Feb,1991
62,-5.16,117.56,Mar,1991
63,0.75,118.44,Apr,1991
64,0.57,119.11,May,1991
65,2.96,122.64,Jun,1991
66,-0.63,121.87,Jul,1991
67,-1.69,119.81,Aug,1991
68,3.91,124.50,Sep,1991
69,-0.88,123.40,Oct,1991
70,-0.46,122.83,Nov,1991
71,-3.71,118.27,Dec,1991
72,-1.38,116.64,Jan,1992
73,-1.84,114.49,Feb,1992
74,-2.95,111.11,Mar,1992
75,-2.65,108.17,Apr,1992
76,-0.38,107.76,May,1992
77,-1.73,105.90,Jun,1992
78,0.50,106.43,Jul,1992
79,4.22,110.92,Aug,1992
80,-0.21,110.69,Sep,1992
81,2.44,113.39,Oct,1992
82,1.63,115.24,Nov,1992
83,0.04,115.29,Dec,1992
84,-7.36,106.80,Jan,1993
85,1.42,108.32,Feb,1993
86,5.79,114.59,Mar,1993
87,2.60,117.57,Apr,1993
88,3.25,121.39,May,1993
89,2.55,124.49,Jun,1993
90,2.77,127.94,Jul,1993
91,-0.60,127.17,Aug,1993
92,-2.48,124.01,Sep,1993
93,-2.38,121.06,Oct,1993
94,-1.01,119.84,Nov,1993
95,-6.83,111.66,Dec,1993
96,-1.63,109.84,Jan,1994
97,2.98,113.11,Feb,1994
98,7.89,122.03,Mar,1994
99,-2.33,119.19,Apr,1994
100,-9.02,108.44,May,1994
101,-6.62,101.26,Jun,1994
102,-1.85,99.39,Jul,1994
103,0.39,99.78,Aug,1994
104,0.38,100.16,Sep,1994
105,-3.77,96.38,Oct,1994
106,3.01,99.28,Nov,1994
107,1.68,100.95,Dec,1994
108,-3.16,97.76,Jan,1995
109,0.73,98.47,Feb,1995
110,-4.77,93.77,Mar,1995
111,-5.67,88.45,Apr,1995
112,-7.27,82.02,May,1995
113,-2.58,79.90,Jun,1995
114,-4.12,76.61,Jul,1995
115,2.51,78.53,Aug,1995
116,3.78,81.50,Sep,1995
117,3.78,84.58,Oct,1995
118,5.21,88.99,Nov,1995
119,-1.75,87.43,Dec,1995
120,-1.34,86.26,Jan,1996
121,-3.72,83.05,Feb,1996
122,-4.49,79.32,Mar,1996
123,2.75,81.50,Apr,1996
124,-0.23,81.31,May,1996
125,-5.30,77.00,Jun,1996
126,0.88,77.68,Jul,1996
127,3.28,80.23,Aug,1996
128,-1.93,78.68,Sep,1996
129,3.48,81.42,Oct,1996
130,0.92,82.17,Nov,1996
131,1.02,83.01,Dec,1996
132,-1.84,81.48,Jan,1997
133,4.73,85.33,Feb,1997
134,9.41,93.36,Mar,1997
135,-2.54,90.99,Apr,1997
136,-4.93,86.50,May,1997
137,-7.39,80.11,Jun,1997
138,2.02,81.73,Jul,1997
139,1.33,82.82,Aug,1997
140,-2.84,80.47,Sep,1997
141,-0.93,79.72,Oct,1997
142,4.42,83.24,Nov,1997
143,1.25,84.28,Dec,1997
144,-1.67,82.87,Jan,1998
145,-0.94,82.09,Feb,1998
146,-0.50,81.68,Mar,1998
147,0.07,81.74,Apr,1998
148,-1.64,80.40,May,1998
149,-3.63,77.48,Jun,1998
150,-1.99,75.94,Jul,1998
151,0.24,76.12,Aug,1998
152,-1.41,75.05,Sep,1998
153,-1.05,74.26,Oct,1998
154,1.76,75.57,Nov,1998
155,1.03,76.35,Dec,1998
156,1.64,77.60,Jan,1999
157,5.45,81.83,Feb,1999
158,-0.40,81.50,Mar,1999
159,-2.93,79.11,Apr,1999
160,0.94,79.85,May,1999
161,0.10,79.93,Jun,1999
162,2.09,81.60,Jul,1999
163,8.25,88.33,Aug,1999
164,-2.09,86.48,Sep,1999
165,-2.13,84.64,Oct,1999
166,3.89,87.93,Nov,1999
167,1.08,88.88,Dec,1999
168,-0.77,88.20,Jan,2000
169,0.96,89.05,Feb,2000
170,1.58,90.46,Mar,2000
171,-0.45,90.05,Apr,2000
172,0.94,90.90,May,2000
173,-3.12,88.06,Jun,2000
174,-1.28,86.93,Jul,2000
175,-0.62,86.39,Aug,2000
176,-4.28,82.69,Sep,2000
177,0.23,82.88,Oct,2000
178,8.25,89.72,Nov,2000
179,-1.75,88.15,Dec,2000
180,-0.39,87.81,Jan,2001
181,-0.28,87.56,Feb,2001
182,4.00,91.06,Mar,2001
183,-1.04,90.11,Apr,2001
184,1.53,91.49,May,2001
185,3.24,94.45,Jun,2001
186,4.24,98.45,Jul,2001
187,3.40,101.80,Aug,2001
188,5.35,107.25,Sep,2001
189,-3.60,103.39,Oct,2001
190,0.86,104.28,Nov,2001
191,-3.31,100.83,Dec,2001
192,0.22,101.05,Jan,2002
193,1.88,102.95,Feb,2002
194,5.91,109.03,Mar,2002
195,-4.85,103.74,Apr,2002
196,-7.01,96.47,May,2002
197,-2.67,93.89,Jun,2002
198,3.21,96.90,Jul,2002
199,-1.21,95.73,Aug,2002
200,-3.31,92.56,Sep,2002
201,-6.04,86.97,Oct,2002
202,-6.22,81.56,Nov,2002
203,2.99,84.00,Dec,2002
204,1.61,85.35,Jan,2003
205,-1.87,83.75,Feb,2003
206,0.16,83.88,Mar,2003
207,-1.49,82.63,Apr,2003
208,-4.03,79.30,May,2003
209,-1.32,78.25,Jun,2003
210,3.51,81.00,Jul,2003
211,12.51,91.13,Aug,2003
212,6.44,97.00,Sep,2003
213,1.44,98.40,Oct,2003
214,12.55,110.75,Nov,2003
215,-4.83,105.40,Dec,2003
216,1.57,107.06,Jan,2004
217,-7.06,99.50,Feb,2004
218,-2.26,97.25,Mar,2004
219,4.99,102.10,Apr,2004
220,12.27,114.63,May,2004
221,1.85,116.75,Jun,2004
222,3.04,120.30,Jul,2004
223,5.36,126.75,Aug,2004
224,0.89,127.88,Sep,2004
225,-6.55,119.50,Oct,2004
226,-0.94,118.38,Nov,2004
227,-1.33,116.80,Dec,2004
228,-1.33,115.25,Jan,2005
229,1.85,117.38,Feb,2005
230,2.23,120.00,Mar,2005
231,-1.50,118.20,Apr,2005
232,2.75,121.45,May,2005
233,-0.92,120.33,Jun,2005
234,1.89,122.60,Jul,2005
235,-2.12,120.00,Aug,2005
236,0.25,120.30,Sep,2005
237,-3.16,116.50,Oct,2005
238,0.64,117.25,Nov,2005
239,-1.49,115.50,Dec,2005
240,-1.62,113.63,Jan,2006
241,0.99,114.75,Feb,2006
242,-2.48,111.90,Mar,2006
243,0.61,112.58,Apr,2006
244,-0.07,112.50,May,2006
245,-0.71,111.70,Jun,2006
246,3.07,115.13,Jul,2006
247,2.17,117.63,Aug,2006
248,-0.11,117.50,Sep,2006
249,0.32,117.88,Oct,2006
250,2.86,121.25,Nov,2006
251,-0.04,121.20,Dec,2006
252,-1.61,119.25,Jan,2007
253,-0.73,118.38,Feb,2007
254,0.02,118.40,Mar,2007
255,-0.65,117.63,Apr,2007
256,-0.85,116.63,May,2007
257,2.03,119.00,Jun,2007
258,-1.26,117.50,Jul,2007
259,0.77,118.40,Aug,2007
260,-0.13,118.25,Sep,2007
261,-2.00,115.88,Oct,2007
262,1.54,117.66,Nov,2007
263,1.56,119.50,Dec,2007
264,1.53,121.33,Jan,2008
265,5.25,127.70,Feb,2008
266,-16.44,106.70,Mar,2008
267,-2.76,103.75,Apr,2008
268,19.71,124.20,May,2008
269,4.27,129.50,Jun,2008
270,2.70,133.00,Jul,2008
271,1.88,135.50,Aug,2008
272,-4.50,129.40,Sep,2008
273,-10.42,115.92,Oct,2008
274,-0.79,115.00,Nov,2008
275,-3.26,111.25,Dec,2008
276,2.59,114.13,Jan,2009
277,-6.13,107.13,Feb,2009
278,4.90,112.38,Mar,2009
279,2.78,115.50,Apr,2009
280,3.55,119.60,May,2009
281,2.12,122.13,Jun,2009
282,1.53,124.00,Jul,2009
283,0.00,124.00,Aug,2009
284,0.10,124.13,Sep,2009
285,-2.92,120.50,Oct,2009
286,3.73,125.00,Nov,2009
287,1.60,127.00,Dec,2009
288,5.42,133.88,Jan,2010
289,5.88,141.75,Feb,2010
290,7.30,152.10,Mar,2010
291,8.32,164.75,Apr,2010
292,-4.25,157.75,May,2010
293,-8.20,144.81,Jun,2010
294,0.40,145.39,Jul,2010
295,4.89,152.50,Aug,2010
296,0.00,152.50,Sep,2010
297,1.48,154.75,Oct,2010
298,1.13,156.50,Nov,2010
299,10.56,173.03,Dec,2010
300,7.28,185.63,Jan,2011
301,-1.02,183.73,Feb,2011
302,2.17,187.72,Mar,2011
303,2.81,193.00,Apr,2011
304,-4.61,184.11,May,2011
305,-3.12,178.36,Jun,2011
306,-0.34,177.76,Jul,2011
307,1.74,180.85,Aug,2011
308,-2.72,175.93,Sep,2011
309,-0.94,174.28,Oct,2011
310,7.11,186.68,Nov,2011
311,1.83,190.09,Dec,2011
312,0.44,190.93,Jan,2012
313,1.66,194.10,Feb,2012
314,0.13,194.36,Mar,2012
315,-1.16,192.10,Apr,2012
316,-2.50,187.30,May,2012
317,-1.98,183.60,Jun,2012
318,-1.76,180.36,Jul,2012
319,1.54,183.13,Aug,2012
320,-1.57,180.25,Sep,2012
321,0.72,181.54,Oct,2012
322,5.77,192.02,Nov,2012
323,1.87,195.62,Dec,2012
324,-0.12,195.39,Jan,2013
325,-0.57,194.28,Feb,2013
326,-1.28,191.79,Mar,2013
327,-0.06,191.68,Apr,2013
328,-6.31,179.59,May,2013
329,-2.97,174.25,Jun,2013
330,1.34,176.58,Jul,2013
331,0.00,176.58,Aug,2013
332,-0.55,175.60,Sep,2013
333,1.41,178.07,Oct,2013
334,2.94,183.31,Nov,2013
335,1.44,185.95,Dec,2013
336,0.81,187.46,Jan,2014
337,1.49,190.25,Feb,2014
338,3.95,197.76,Mar,2014
339,-3.30,191.23,Apr,2014
340,1.74,194.55,May,2014
341,3.21,200.79,Jun,2014
342,13.30,227.50,Jul,2014
343,13.78,258.86,Aug,2014
344,5.19,272.30,Sep,2014
345,-1.97,266.93,Oct,2014
346,-2.03,261.50,Nov,2014
347,-8.38,239.59,Dec,2014
348,-3.16,232.02,Jan,2015
349,-9.54,209.88,Feb,2015
350,-0.99,207.80,Mar,2015
351,3.19,214.43,Apr,2015
352,-7.10,199.21,May,2015
353,-2.09,195.05,Jun,2015
354,4.80,204.41,Jul,2015
355,3.71,212.00,Aug,2015
356,-4.52,202.41,Sep,2015
357,-8.82,184.55,Oct,2015
358,-4.05,177.07,Nov,2015
359,-5.62,167.11,Dec,2015
360,-2.67,162.64,Jan,2016
