,Price_Palm,Change,month,Year
0,282.62,0,Jan,1986
1,233.86,-17.25,Feb,1986
2,200.81,-14.13,Mar,1986
3,199.98,-0.41,Apr,1986
4,196.67,-1.66,May,1986
5,200.81,2.11,Jun,1986
6,182.63,-9.05,Jul,1986
7,162.79,-10.86,Aug,1986
8,171.06,5.08,Sep,1986
9,224.77,31.40,Oct,1986
10,250.39,11.40,Nov,1986
11,242.13,-3.30,Dec,1986
12,289.23,19.45,Jan,1987
13,272.70,-5.72,Feb,1987
14,258.65,-5.15,Mar,1987
15,280.14,8.31,Apr,1987
16,281.79,0.59,May,1987
17,282.62,0.29,Jun,1987
18,247.08,-12.58,Jul,1987
19,254.52,3.01,Aug,1987
20,276.83,8.77,Sep,1987
21,291.71,5.38,Oct,1987
22,304.10,4.25,Nov,1987
23,356.99,17.39,Dec,1987
24,401.61,12.50,Jan,1988
25,333.03,-17.08,Feb,1988
26,314.85,-5.46,Mar,1988
27,333.03,5.77,Apr,1988
28,348.73,4.71,May,1988
29,409.88,17.54,Jun,1988
30,427.23,4.23,Jul,1988
31,371.86,-12.96,Aug,1988
32,353.68,-4.89,Sep,1988
33,356.16,0.70,Oct,1988
34,345.42,-3.02,Nov,1988
35,339.64,-1.67,Dec,1988
36,316.50,-6.81,Jan,1989
37,331.37,4.70,Feb,1989
38,329.72,-0.50,Mar,1989
39,323.11,-2.00,Apr,1989
40,335.50,3.83,May,1989
41,308.23,-8.13,Jun,1989
42,273.53,-11.26,Jul,1989
43,255.35,-6.65,Aug,1989
44,266.92,4.53,Sep,1989
45,265.26,-0.62,Oct,1989
46,248.74,-6.23,Nov,1989
47,220.64,-11.30,Dec,1989
48,230.56,4.50,Jan,1990
49,223.95,-2.87,Feb,1990
50,236.34,5.53,Mar,1990
51,220.64,-6.64,Apr,1990
52,232.21,5.24,May,1990
53,224.77,-3.20,Jun,1990
54,230.56,2.58,Jul,1990
55,240.47,4.30,Aug,1990
56,234.69,-2.40,Sep,1990
57,239.65,2.11,Oct,1990
58,274.35,14.48,Nov,1990
59,285.92,4.22,Dec,1990
60,288.40,0.87,Jan,1991
61,279.31,-3.15,Feb,1991
62,287.58,2.96,Mar,1991
63,263.61,-8.34,Apr,1991
64,262.78,-0.31,May,1991
65,257.00,-2.20,Jun,1991
66,281.79,9.65,Jul,1991
67,279.31,-0.88,Aug,1991
68,266.92,-4.44,Sep,1991
69,285.10,6.81,Oct,1991
70,299.14,4.92,Nov,1991
71,310.71,3.87,Dec,1991
72,316.50,1.86,Jan,1992
73,315.67,-0.26,Feb,1992
74,327.24,3.67,Mar,1992
75,333.03,1.77,Apr,1992
76,323.94,-2.73,May,1992
77,333.85,3.06,Jun,1992
78,315.67,-5.45,Jul,1992
79,315.67,0.00,Aug,1992
80,323.32,2.42,Sep,1992
81,326.41,0.96,Oct,1992
82,341.29,4.56,Nov,1992
83,331.37,-2.91,Dec,1992
84,338.81,2.25,Jan,1993
85,351.21,3.66,Feb,1993
86,337.16,-4.00,Mar,1993
87,323.94,-3.92,Apr,1993
88,305.76,-5.61,May,1993
89,294.19,-3.78,Jun,1993
90,299.14,1.68,Jul,1993
91,294.19,-1.65,Aug,1993
92,290.88,-1.13,Sep,1993
93,275.18,-5.40,Oct,1993
94,297.70,8.18,Nov,1993
95,337.57,13.39,Dec,1993
96,334.68,-0.86,Jan,1994
97,319.80,-4.45,Feb,1994
98,326.41,2.07,Mar,1994
99,358.64,9.87,Apr,1994
100,403.27,12.44,May,1994
101,419.79,4.10,Jun,1994
102,419.79,0.00,Jul,1994
103,472.52,12.56,Aug,1994
104,507.39,7.38,Sep,1994
105,510.69,0.65,Oct,1994
106,584.24,14.40,Nov,1994
107,590.02,0.99,Dec,1994
108,541.27,-8.26,Jan,1995
109,546.23,0.92,Feb,1995
110,567.71,3.93,Mar,1995
111,511.39,-9.92,Apr,1995
112,491.14,-3.96,May,1995
113,521.99,6.28,Jun,1995
114,563.41,7.94,Jul,1995
115,540.41,-4.08,Aug,1995
116,524.82,-2.88,Sep,1995
117,553.62,5.49,Oct,1995
118,549.55,-0.74,Nov,1995
119,539.94,-1.75,Dec,1995
120,482.30,-10.68,Jan,1996
121,483.42,0.23,Feb,1996
122,462.98,-4.23,Mar,1996
123,494.92,6.90,Apr,1996
124,503.07,1.65,May,1996
125,446.58,-11.23,Jun,1996
126,418.14,-6.37,Jul,1996
127,449.59,7.52,Aug,1996
128,468.69,4.25,Sep,1996
129,448.41,-4.33,Oct,1996
130,466.77,4.09,Nov,1996
131,480.96,3.04,Dec,1996
132,522.67,8.67,Jan,1997
133,532.26,1.83,Feb,1997
134,508.01,-4.56,Mar,1997
135,509.47,0.29,Apr,1997
136,508.57,-0.18,May,1997
137,471.65,-7.26,Jun,1997
138,445.03,-5.64,Jul,1997
139,444.55,-0.11,Aug,1997
140,460.63,3.62,Sep,1997
141,490.54,6.49,Oct,1997
142,493.09,0.52,Nov,1997
143,498.67,1.13,Dec,1997
144,548.63,10.02,Jan,1998
145,595.77,8.59,Feb,1998
146,599.87,0.69,Mar,1998
147,628.88,4.84,Apr,1998
148,643.72,2.36,May,1998
149,583.24,-9.40,Jun,1998
150,583.59,0.06,Jul,1998
151,589.90,1.08,Aug,1998
152,626.84,6.26,Sep,1998
153,613.46,-2.13,Oct,1998
154,616.53,0.50,Nov,1998
155,579.74,-5.97,Dec,1998
156,560.56,-3.31,Jan,1999
157,484.72,-13.53,Feb,1999
158,428.77,-11.54,Mar,1999
159,439.74,2.56,Apr,1999
160,398.46,-9.39,May,1999
161,330.79,-16.98,Jun,1999
162,279.58,-15.48,Jul,1999
163,308.27,10.26,Aug,1999
164,342.40,11.07,Sep,1999
165,326.07,-4.77,Oct,1999
166,315.97,-3.10,Nov,1999
167,312.00,-1.26,Dec,1999
168,301.79,-3.27,Jan,2000
169,277.58,-8.02,Feb,2000
170,294.39,6.06,Mar,2000
171,318.14,8.07,Apr,2000
172,283.17,-10.99,May,2000
173,272.23,-3.86,Jun,2000
174,266.54,-2.09,Jul,2000
175,257.15,-3.52,Aug,2000
176,239.79,-6.75,Sep,2000
177,208.46,-13.07,Oct,2000
178,215.31,3.29,Nov,2000
179,199.18,-7.49,Dec,2000
180,191.79,-3.71,Jan,2001
181,185.07,-3.50,Feb,2001
182,210.90,13.96,Mar,2001
183,208.96,-0.92,Apr,2001
184,194.01,-7.15,May,2001
185,209.17,7.81,Jun,2001
186,279.63,33.69,Jul,2001
187,312.62,11.80,Aug,2001
188,259.56,-16.97,Sep,2001
189,232.09,-10.58,Oct,2001
190,281.51,21.29,Nov,2001
191,295.47,4.96,Dec,2001
192,310.30,5.02,Jan,2002
193,296.77,-4.36,Feb,2002
194,302.45,1.91,Mar,2002
195,311.15,2.88,Apr,2002
196,337.82,8.57,May,2002
197,376.00,11.30,Jun,2002
198,369.21,-1.81,Jul,2002
199,391.51,6.04,Aug,2002
200,369.40,-5.65,Sep,2002
201,372.80,0.92,Oct,2002
202,409.97,9.97,Nov,2002
203,433.56,5.75,Dec,2002
204,431.32,-0.52,Jan,2003
205,421.52,-2.27,Feb,2003
206,390.13,-7.45,Mar,2003
207,377.20,-3.31,Apr,2003
208,382.12,1.30,May,2003
209,390.44,2.18,Jun,2003
210,382.83,-1.95,Jul,2003
211,361.94,-5.46,Aug,2003
212,374.87,3.57,Sep,2003
213,449.02,19.78,Oct,2003
214,484.63,7.93,Nov,2003
215,478.47,-1.27,Dec,2003
216,467.69,-2.25,Jan,2004
217,501.61,7.25,Feb,2004
218,520.57,3.78,Mar,2004
219,516.34,-0.81,Apr,2004
220,481.14,-6.82,May,2004
221,408.98,-15.00,Jun,2004
222,386.63,-5.46,Jul,2004
223,393.71,1.83,Aug,2004
224,401.64,2.01,Sep,2004
225,381.61,-4.99,Oct,2004
226,386.67,1.33,Nov,2004
227,370.09,-4.29,Dec,2004
228,346.63,-6.34,Jan,2005
229,347.57,0.27,Feb,2005
230,374.83,7.84,Mar,2005
231,375.84,0.27,Apr,2005
232,370.16,-1.51,May,2005
233,369.64,-0.14,Jun,2005
234,369.60,-0.01,Jul,2005
235,360.30,-2.52,Aug,2005
236,369.98,2.69,Sep,2005
237,382.82,3.47,Oct,2005
238,375.97,-1.79,Nov,2005
239,368.90,-1.88,Dec,2005
240,377.92,2.45,Jan,2006
241,390.63,3.36,Feb,2006
242,383.36,-1.86,Mar,2006
243,386.41,0.80,Apr,2006
244,394.52,2.10,May,2006
245,386.18,-2.11,Jun,2006
246,404.02,4.62,Jul,2006
247,434.48,7.54,Aug,2006
248,416.94,-4.04,Sep,2006
249,422.32,1.29,Oct,2006
250,476.74,12.89,Nov,2006
251,528.24,10.80,Dec,2006
252,550.78,4.27,Jan,2007
253,553.75,0.54,Feb,2007
254,566.39,2.28,Mar,2007
255,645.41,13.95,Apr,2007
256,740.63,14.75,May,2007
257,748.43,1.05,Jun,2007
258,764.47,2.14,Jul,2007
259,729.56,-4.57,Aug,2007
260,745.18,2.14,Sep,2007
261,824.07,10.59,Oct,2007
262,877.34,6.46,Nov,2007
263,883.45,0.70,Dec,2007
264,987.02,11.72,Jan,2008
265,"1,109.50",12.41,Feb,2008
266,"1,146.86",3.37,Mar,2008
267,"1,083.48",-5.53,Apr,2008
268,"1,086.83",0.31,May,2008
269,"1,096.39",0.88,Jun,2008
270,"1,026.25",-6.40,Jul,2008
271,791.77,-22.85,Aug,2008
272,667.04,-15.75,Sep,2008
273,486.40,-27.08,Oct,2008
274,433.10,-10.96,Nov,2008
275,440.38,1.68,Dec,2008
276,522.15,18.57,Jan,2009
277,529.40,1.39,Feb,2009
278,557.21,5.25,Mar,2009
279,693.21,24.41,Apr,2009
280,772.39,11.42,May,2009
281,690.82,-10.56,Jun,2009
282,601.95,-12.86,Jul,2009
283,686.79,14.09,Aug,2009
284,636.42,-7.33,Sep,2009
285,636.56,0.02,Oct,2009
286,674.33,5.93,Nov,2009
287,727.60,7.90,Dec,2009
288,742.00,1.98,Jan,2010
289,754.32,1.66,Feb,2010
290,793.90,5.25,Mar,2010
291,798.53,0.58,Apr,2010
292,775.57,-2.88,May,2010
293,764.91,-1.37,Jun,2010
294,774.50,1.25,Jul,2010
295,865.23,11.71,Aug,2010
296,884.89,2.27,Sep,2010
297,935.22,5.69,Oct,2010
298,"1,059.01",13.24,Nov,2010
299,"1,171.22",10.60,Dec,2010
300,"1,238.57",5.75,Jan,2011
301,"1,248.55",0.81,Feb,2011
302,"1,142.23",-8.52,Mar,2011
303,"1,123.79",-1.61,Apr,2011
304,"1,143.44",1.75,May,2011
305,"1,075.91",-5.91,Jun,2011
306,"1,033.57",-3.94,Jul,2011
307,"1,047.51",1.35,Aug,2011
308,995.18,-5.00,Sep,2011
309,914.44,-8.11,Oct,2011
310,985.77,7.80,Nov,2011
311,969.07,-1.69,Dec,2011
312,"1,020.54",5.31,Jan,2012
313,"1,047.69",2.66,Feb,2012
314,"1,105.74",5.54,Mar,2012
315,"1,157.45",4.68,Apr,2012
316,"1,031.12",-10.91,May,2012
317,927.63,-10.04,Jun,2012
318,952.54,2.69,Jul,2012
319,930.61,-2.30,Aug,2012
320,879.53,-5.49,Sep,2012
321,768.09,-12.67,Oct,2012
322,743.13,-3.25,Nov,2012
323,713.94,-3.93,Dec,2012
324,776.54,8.77,Jan,2013
325,792.38,2.04,Feb,2013
326,771.87,-2.59,Mar,2013
327,756.46,-2.00,Apr,2013
328,763.38,0.91,May,2013
329,763.04,-0.04,Jun,2013
330,729.86,-4.35,Jul,2013
331,722.84,-0.96,Aug,2013
332,725.80,0.41,Sep,2013
333,762.62,5.07,Oct,2013
334,810.30,6.25,Nov,2013
335,795.27,-1.85,Dec,2013
336,769.34,-3.26,Jan,2014
337,811.20,5.44,Feb,2014
338,860.52,6.08,Mar,2014
339,825.32,-4.09,Apr,2014
340,800.29,-3.03,May,2014
341,758.47,-5.23,Jun,2014
342,752.89,-0.74,Jul,2014
343,677.86,-9.97,Aug,2014
344,656.98,-3.08,Sep,2014
345,673.09,2.45,Oct,2014
346,662.40,-1.59,Nov,2014
347,624.54,-5.72,Dec,2014
348,641.60,2.73,Jan,2015
349,634.38,-1.13,Feb,2015
350,607.65,-4.21,Mar,2015
351,591.79,-2.61,Apr,2015
352,601.40,1.62,May,2015
353,606.40,0.83,Jun,2015
354,575.68,-5.07,Jul,2015
355,484.68,-15.81,Aug,2015
356,483.49,-0.25,Sep,2015
357,530.25,9.67,Oct,2015
358,503.16,-5.11,Nov,2015
359,520.60,3.47,Dec,2015
360,531.62,2.12,Jan,2016
