,Price_Coco2,Change,month,Year
0,380.00,0,Jan,1986
1,318.00,-16.32,Feb,1986
2,293.00,-7.86,Mar,1986
3,266.00,-9.22,Apr,1986
4,233.00,-12.41,May,1986
5,254.00,9.01,Jun,1986
6,229.00,-9.84,Jul,1986
7,211.00,-7.86,Aug,1986
8,240.00,13.74,Sep,1986
9,341.00,42.08,Oct,1986
10,388.00,13.78,Nov,1986
11,405.00,4.38,Dec,1986
12,425.00,4.94,Jan,1987
13,403.00,-5.18,Feb,1987
14,344.00,-14.64,Mar,1987
15,389.00,13.08,Apr,1987
16,405.00,4.11,May,1987
17,451.00,11.36,Jun,1987
18,443.00,-1.77,Jul,1987
19,479.00,8.13,Aug,1987
20,480.00,0.21,Sep,1987
21,482.00,0.42,Oct,1987
22,477.00,-1.04,Nov,1987
23,529.00,10.90,Dec,1987
24,566.00,6.99,Jan,1988
25,530.00,-6.36,Feb,1988
26,516.00,-2.64,Mar,1988
27,509.00,-1.36,Apr,1988
28,533.00,4.72,May,1988
29,614.00,15.20,Jun,1988
30,666.00,8.47,Jul,1988
31,576.00,-13.51,Aug,1988
32,567.00,-1.56,Sep,1988
33,564.00,-0.53,Oct,1988
34,570.00,1.06,Nov,1988
35,567.00,-0.53,Dec,1988
36,537.00,-5.29,Jan,1989
37,538.00,0.19,Feb,1989
38,545.00,1.30,Mar,1989
39,549.00,0.73,Apr,1989
40,589.00,7.29,May,1989
41,559.00,-5.09,Jun,1989
42,540.00,-3.40,Jul,1989
43,481.00,-10.93,Aug,1989
44,503.00,4.57,Sep,1989
45,480.00,-4.57,Oct,1989
46,456.00,-5.00,Nov,1989
47,425.00,-6.80,Dec,1989
48,433.00,1.88,Jan,1990
49,393.00,-9.24,Feb,1990
50,372.00,-5.34,Mar,1990
51,343.00,-7.80,Apr,1990
52,353.00,2.92,May,1990
53,317.00,-10.20,Jun,1990
54,297.00,-6.31,Jul,1990
55,294.00,-1.01,Aug,1990
56,284.00,-3.40,Sep,1990
57,284.00,0.00,Oct,1990
58,343.00,20.77,Nov,1990
59,325.00,-5.25,Dec,1990
60,340.00,4.62,Jan,1991
61,330.00,-2.94,Feb,1991
62,343.00,3.94,Mar,1991
63,323.00,-5.83,Apr,1991
64,335.00,3.72,May,1991
65,369.00,10.15,Jun,1991
66,465.00,26.02,Jul,1991
67,459.00,-1.29,Aug,1991
68,455.00,-0.87,Sep,1991
69,546.00,20.00,Oct,1991
70,595.00,8.97,Nov,1991
71,636.00,6.89,Dec,1991
72,738.00,16.04,Jan,1992
73,702.00,-4.88,Feb,1992
74,644.00,-8.26,Mar,1992
75,647.00,0.47,Apr,1992
76,638.00,-1.39,May,1992
77,589.00,-7.68,Jun,1992
78,528.00,-10.36,Jul,1992
79,494.00,-6.44,Aug,1992
80,501.00,1.42,Sep,1992
81,493.00,-1.60,Oct,1992
82,496.00,0.61,Nov,1992
83,461.00,-7.06,Dec,1992
84,444.00,-3.69,Jan,1993
85,439.00,-1.13,Feb,1993
86,427.00,-2.73,Mar,1993
87,402.00,-5.85,Apr,1993
88,418.00,3.98,May,1993
89,436.00,4.31,Jun,1993
90,460.00,5.50,Jul,1993
91,455.00,-1.09,Aug,1993
92,424.00,-6.81,Sep,1993
93,419.00,-1.18,Oct,1993
94,464.00,10.74,Nov,1993
95,615.00,32.54,Dec,1993
96,595.00,-3.25,Jan,1994
97,573.00,-3.70,Feb,1994
98,539.00,-5.93,Mar,1994
99,560.00,3.90,Apr,1994
100,599.00,6.96,May,1994
101,608.00,1.50,Jun,1994
102,579.00,-4.77,Jul,1994
103,596.00,2.94,Aug,1994
104,622.00,4.36,Sep,1994
105,621.00,-0.16,Oct,1994
106,706.00,13.69,Nov,1994
107,692.00,-1.98,Dec,1994
108,622.00,-10.12,Jan,1995
109,636.00,2.25,Feb,1995
110,632.00,-0.63,Mar,1995
111,619.00,-2.06,Apr,1995
112,616.00,-0.48,May,1995
113,668.00,8.44,Jun,1995
114,693.00,3.74,Jul,1995
115,686.00,-1.01,Aug,1995
116,677.00,-1.31,Sep,1995
117,718.00,6.06,Oct,1995
118,750.00,4.46,Nov,1995
119,718.00,-4.27,Dec,1995
120,711.00,-0.97,Jan,1996
121,738.00,3.80,Feb,1996
122,723.00,-2.03,Mar,1996
123,756.00,4.56,Apr,1996
124,778.00,2.91,May,1996
125,816.00,4.88,Jun,1996
126,775.00,-5.02,Jul,1996
127,742.00,-4.26,Aug,1996
128,721.00,-2.83,Sep,1996
129,722.00,0.14,Oct,1996
130,760.00,5.26,Nov,1996
131,777.00,2.24,Dec,1996
132,768.00,-1.16,Jan,1997
133,768.00,0.00,Feb,1997
134,737.00,-4.04,Mar,1997
135,710.00,-3.66,Apr,1997
136,654.00,-7.89,May,1997
137,637.00,-2.60,Jun,1997
138,597.00,-6.28,Jul,1997
139,567.00,-5.03,Aug,1997
140,615.00,8.47,Sep,1997
141,627.00,1.95,Oct,1997
142,616.00,-1.75,Nov,1997
143,586.00,-4.87,Dec,1997
144,558.00,-4.78,Jan,1998
145,559.00,0.18,Feb,1998
146,578.00,3.40,Mar,1998
147,618.00,6.92,Apr,1998
148,723.00,16.99,May,1998
149,652.00,-9.82,Jun,1998
150,667.00,2.30,Jul,1998
151,667.00,0.00,Aug,1998
152,652.00,-2.25,Sep,1998
153,695.00,6.60,Oct,1998
154,752.00,8.20,Nov,1998
155,774.00,2.93,Dec,1998
156,763.00,-1.42,Jan,1999
157,745.00,-2.36,Feb,1999
158,700.00,-6.04,Mar,1999
159,827.00,18.14,Apr,1999
160,874.00,5.68,May,1999
161,796.00,-8.92,Jun,1999
162,656.00,-17.59,Jul,1999
163,684.00,4.27,Aug,1999
164,704.00,2.92,Sep,1999
165,690.00,-1.99,Oct,1999
166,703.00,1.88,Nov,1999
167,703.00,0.00,Dec,1999
168,654.00,-6.97,Jan,2000
169,591.00,-9.63,Feb,2000
170,552.00,-6.60,Mar,2000
171,550.00,-0.36,Apr,2000
172,481.00,-12.55,May,2000
173,437.00,-9.15,Jun,2000
174,400.00,-8.47,Jul,2000
175,371.00,-7.25,Aug,2000
176,332.00,-10.51,Sep,2000
177,340.00,2.41,Oct,2000
178,367.00,7.94,Nov,2000
179,329.00,-10.35,Dec,2000
180,319.00,-3.04,Jan,2001
181,285.00,-10.66,Feb,2001
182,289.00,1.40,Mar,2001
183,293.00,1.38,Apr,2001
184,295.00,0.68,May,2001
185,317.00,7.46,Jun,2001
186,358.00,12.93,Jul,2001
187,363.00,1.40,Aug,2001
188,322.00,-11.29,Sep,2001
189,307.00,-4.66,Oct,2001
190,330.00,7.49,Nov,2001
191,339.00,2.73,Dec,2001
192,362.00,6.78,Jan,2002
193,376.00,3.87,Feb,2002
194,366.00,-2.66,Mar,2002
195,411.00,12.30,Apr,2002
196,420.00,2.19,May,2002
197,446.00,6.19,Jun,2002
198,445.00,-0.22,Jul,2002
199,443.00,-0.45,Aug,2002
200,410.00,-7.45,Sep,2002
201,434.00,5.85,Oct,2002
202,457.00,5.30,Nov,2002
203,482.00,5.47,Dec,2002
204,494.00,2.49,Jan,2003
205,477.00,-3.44,Feb,2003
206,441.00,-7.55,Mar,2003
207,421.00,-4.54,Apr,2003
208,440.00,4.51,May,2003
209,459.00,4.32,Jun,2003
210,439.00,-4.36,Jul,2003
211,421.00,-4.10,Aug,2003
212,431.00,2.38,Sep,2003
213,487.00,12.99,Oct,2003
214,515.00,5.75,Nov,2003
215,583.00,13.20,Dec,2003
216,584.00,0.17,Jan,2004
217,642.00,9.93,Feb,2004
218,685.00,6.70,Mar,2004
219,736.00,7.45,Apr,2004
220,716.00,-2.72,May,2004
221,658.00,-8.10,Jun,2004
222,669.00,1.67,Jul,2004
223,627.00,-6.28,Aug,2004
224,657.00,4.78,Sep,2004
225,642.00,-2.28,Oct,2004
226,659.00,2.65,Nov,2004
227,654.00,-0.76,Dec,2004
228,646.00,-1.22,Jan,2005
229,646.00,0.00,Feb,2005
230,710.00,9.91,Mar,2005
231,679.00,-4.37,Apr,2005
232,647.00,-4.71,May,2005
233,638.75,-1.28,Jun,2005
234,606.00,-5.13,Jul,2005
235,550.00,-9.24,Aug,2005
236,559.00,1.64,Sep,2005
237,587.00,5.01,Oct,2005
238,582.00,-0.85,Nov,2005
239,553.00,-4.98,Dec,2005
240,569.00,2.89,Jan,2006
241,591.00,3.87,Feb,2006
242,575.00,-2.71,Mar,2006
243,578.00,0.52,Apr,2006
244,583.00,0.87,May,2006
245,575.00,-1.37,Jun,2006
246,583.25,1.43,Jul,2006
247,606.00,3.90,Aug,2006
248,609.00,0.50,Sep,2006
249,626.00,2.79,Oct,2006
250,656.00,4.79,Nov,2006
251,731.67,11.53,Dec,2006
252,731.00,-0.09,Jan,2007
253,763.00,4.38,Feb,2007
254,769.00,0.79,Mar,2007
255,827.50,7.61,Apr,2007
256,894.00,8.04,May,2007
257,979.00,9.51,Jun,2007
258,929.00,-5.11,Jul,2007
259,910.00,-2.05,Aug,2007
260,930.00,2.20,Sep,2007
261,"1,010.00",8.60,Oct,2007
262,"1,131.00",11.98,Nov,2007
263,"1,153.00",1.95,Dec,2007
264,"1,285.00",11.45,Jan,2008
265,"1,382.00",7.55,Feb,2008
266,"1,471.00",6.44,Mar,2008
267,"1,443.00",-1.90,Apr,2008
268,"1,502.00",4.09,May,2008
269,"1,551.00",3.26,Jun,2008
270,"1,436.00",-7.41,Jul,2008
271,"1,193.00",-16.92,Aug,2008
272,"1,110.00",-6.96,Sep,2008
273,856.00,-22.88,Oct,2008
274,719.00,-16.00,Nov,2008
275,740.00,2.92,Dec,2008
276,734.00,-0.81,Jan,2009
277,673.00,-8.31,Feb,2009
278,625.00,-7.13,Mar,2009
279,747.00,19.52,Apr,2009
280,842.50,12.78,May,2009
281,747.00,-11.34,Jun,2009
282,685.00,-8.30,Jul,2009
283,747.00,9.05,Aug,2009
284,701.00,-6.16,Sep,2009
285,706.00,0.71,Oct,2009
286,729.00,3.26,Nov,2009
287,768.00,5.35,Dec,2009
288,784.00,2.08,Jan,2010
289,798.00,1.79,Feb,2010
290,921.00,15.41,Mar,2010
291,939.00,1.95,Apr,2010
292,932.00,-0.75,May,2010
293,993.00,6.55,Jun,2010
294,"1,031.00",3.83,Jul,2010
295,"1,170.00",13.48,Aug,2010
296,"1,275.00",8.97,Sep,2010
297,"1,412.00",10.75,Oct,2010
298,"1,521.30",7.74,Nov,2010
299,"1,715.00",12.73,Dec,2010
300,"2,063.00",20.29,Jan,2011
301,"2,260.00",9.55,Feb,2011
302,"1,925.00",-14.82,Mar,2011
303,"2,088.00",8.47,Apr,2011
304,"2,097.00",0.43,May,2011
305,"1,803.00",-14.02,Jun,2011
306,"1,663.00",-7.76,Jul,2011
307,"1,454.00",-12.57,Aug,2011
308,"1,310.00",-9.90,Sep,2011
309,"1,208.80",-7.73,Oct,2011
310,"1,479.00",22.35,Nov,2011
311,"1,439.00",-2.70,Dec,2011
312,"1,451.00",0.83,Jan,2012
313,"1,411.00",-2.76,Feb,2012
314,"1,338.00",-5.17,Mar,2012
315,"1,352.50",1.08,Apr,2012
316,"1,155.00",-14.60,May,2012
317,"1,056.00",-8.57,Jun,2012
318,"1,070.00",1.33,Jul,2012
319,"1,000.00",-6.54,Aug,2012
320,969.00,-3.10,Sep,2012
321,898.00,-7.33,Oct,2012
322,850.00,-5.35,Nov,2012
323,785.00,-7.65,Dec,2012
324,829.00,5.61,Jan,2013
325,861.00,3.86,Feb,2013
326,821.00,-4.65,Mar,2013
327,793.00,-3.41,Apr,2013
328,826.00,4.16,May,2013
329,896.00,8.47,Jun,2013
330,861.00,-3.91,Jul,2013
331,894.00,3.83,Aug,2013
332,982.00,9.84,Sep,2013
333,985.00,0.31,Oct,2013
334,"1,270.00",28.93,Nov,2013
335,"1,269.00",-0.08,Dec,2013
336,"1,270.00",0.08,Jan,2014
337,"1,365.00",7.48,Feb,2014
338,"1,394.00",2.12,Mar,2014
339,"1,356.00",-2.73,Apr,2014
340,"1,403.75",3.52,May,2014
341,"1,406.00",0.16,Jun,2014
342,"1,260.00",-10.38,Jul,2014
343,"1,177.00",-6.59,Aug,2014
344,"1,181.00",0.34,Sep,2014
345,"1,144.00",-3.13,Oct,2014
346,"1,192.50",4.24,Nov,2014
347,"1,215.00",1.89,Dec,2014
348,"1,159.00",-4.61,Jan,2015
349,"1,188.00",2.50,Feb,2015
350,"1,096.00",-7.74,Mar,2015
351,"1,079.00",-1.55,Apr,2015
352,"1,133.00",5.00,May,2015
353,"1,110.00",-2.03,Jun,2015
354,"1,101.00",-0.81,Jul,2015
355,"1,039.00",-5.63,Aug,2015
356,"1,063.00",2.31,Sep,2015
357,"1,109.00",4.33,Oct,2015
358,"1,105.00",-0.36,Nov,2015
359,"1,150.00",4.07,Dec,2015
360,"1,155.00",0.43,Jan,2016
